kinematics:
  shoulder:
    x: 0
    y: 0
    z: 0.18116892745371227
    roll: -0
    pitch: 0
    yaw: 1.4946632337364818e-07
  upper_arm:
    x: 0.00013118701348015466
    y: 0
    z: 0
    roll: 1.5706727201023625
    pitch: 0
    yaw: 3.3121975689061193e-06
  forearm:
    x: -0.61218719358617879
    y: 0
    z: 0
    roll: 0.00013693645089494461
    pitch: 0.00061453041087738535
    yaw: -2.608786208563721e-06
  wrist_1:
    x: -0.57106985303045865
    y: -0.00028672954353270083
    z: 0.17466784612798261
    roll: 0.0016415687966286026
    pitch: 0.0010144810865092028
    yaw: -4.7046350738850176e-06
  wrist_2:
    x: 0.00010242184104410196
    y: -0.11972815846405395
    z: 1.4034375021984305e-05
    roll: 1.5706791081293985
    pitch: 0
    yaw: 1.0626962732365741e-07
  wrist_3:
    x: -6.5383647515541003e-05
    y: 0.11565959647582165
    z: 5.885264503538828e-05
    roll: 1.5713051703474354
    pitch: 3.1415926535897931
    yaw: -3.1415925604577941
  hash: calib_16406715502411164193