kinematics:
  shoulder:
    x: 0
    y: 0
    z: 0.1808367158604689
    roll: -0
    pitch: 0
    yaw: -1.2395910055536252e-07
  upper_arm:
    x: 9.5692378579194352e-05
    y: 0
    z: 0
    roll: 1.5703016564078005
    pitch: 0
    yaw: 1.4375176768294625e-06
  forearm:
    x: -0.61243508045565065
    y: 0
    z: 0
    roll: 0.00062650747487170348
    pitch: 0.00033740962251310643
    yaw: 3.671496944591336e-06
  wrist_1:
    x: -0.57143629737907986
    y: -0.0010353262838153025
    z: 0.17395545989209393
    roll: 0.0059516042792011007
    pitch: -0.00084005348129152487
    yaw: -6.6450142350435023e-07
  wrist_2:
    x: 2.7827195584722307e-05
    y: -0.11975166134809798
    z: 6.7275775385403137e-05
    roll: 1.5702345327659006
    pitch: 0
    yaw: 1.6439211931919967e-06
  wrist_3:
    x: -1.8088618122867077e-05
    y: 0.11555390646727494
    z: 6.6579815008941114e-05
    roll: 1.5713725064298101
    pitch: 3.1415926535897931
    yaw: 3.1415926358614321
  hash: calib_14934402077182354767